Country,Date,Total Cases,Total Deaths,Population,New Cases,New Deaths,%Cases,%Deaths,log(Total Cases),log(Total Deaths),log(New Cases),log(New Deaths)
United States,2020-01-21,1,0,328233889,0,0,0.0,0.0,0.0,-inf,-inf,-inf
United States,2020-01-22,1,0,328233889,0,0,0.0,0.0,0.0,-inf,-inf,-inf
United States,2020-01-23,1,0,328233889,0,0,0.0,0.0,0.0,-inf,-inf,-inf
United States,2020-01-24,2,0,328233889,1,0,0.0,0.0,0.693,-inf,0.0,-inf
United States,2020-01-25,3,0,328233889,1,0,0.0,0.0,1.099,-inf,0.0,-inf
United States,2020-01-26,5,0,328233889,2,0,0.0,0.0,1.609,-inf,0.693,-inf
United States,2020-01-27,5,0,328233889,0,0,0.0,0.0,1.609,-inf,-inf,-inf
United States,2020-01-28,5,0,328233889,0,0,0.0,0.0,1.609,-inf,-inf,-inf
United States,2020-01-29,5,0,328233889,0,0,0.0,0.0,1.609,-inf,-inf,-inf
United States,2020-01-30,6,0,328233889,1,0,0.0,0.0,1.792,-inf,0.0,-inf
United States,2020-01-31,7,0,328233889,1,0,0.0,0.0,1.946,-inf,0.0,-inf
United States,2020-02-01,8,0,328233889,1,0,0.0,0.0,2.079,-inf,0.0,-inf
United States,2020-02-02,11,0,328233889,3,0,0.0,0.0,2.398,-inf,1.099,-inf
United States,2020-02-03,11,0,328233889,0,0,0.0,0.0,2.398,-inf,-inf,-inf
United States,2020-02-04,11,0,328233889,0,0,0.0,0.0,2.398,-inf,-inf,-inf
United States,2020-02-05,12,0,328233889,1,0,0.0,0.0,2.485,-inf,0.0,-inf
United States,2020-02-06,12,0,328233889,0,0,0.0,0.0,2.485,-inf,-inf,-inf
United States,2020-02-07,12,0,328233889,0,0,0.0,0.0,2.485,-inf,-inf,-inf
United States,2020-02-08,12,0,328233889,0,0,0.0,0.0,2.485,-inf,-inf,-inf
United States,2020-02-09,12,0,328233889,0,0,0.0,0.0,2.485,-inf,-inf,-inf
United States,2020-02-10,13,0,328233889,1,0,0.0,0.0,2.565,-inf,0.0,-inf
United States,2020-02-11,13,0,328233889,0,0,0.0,0.0,2.565,-inf,-inf,-inf
United States,2020-02-12,14,0,328233889,1,0,0.0,0.0,2.639,-inf,0.0,-inf
United States,2020-02-13,15,0,328233889,1,0,0.0,0.0,2.708,-inf,0.0,-inf
United States,2020-02-14,15,0,328233889,0,0,0.0,0.0,2.708,-inf,-inf,-inf
United States,2020-02-15,15,0,328233889,0,0,0.0,0.0,2.708,-inf,-inf,-inf
United States,2020-02-16,15,0,328233889,0,0,0.0,0.0,2.708,-inf,-inf,-inf
United States,2020-02-17,25,0,328233889,10,0,0.0,0.0,3.219,-inf,2.303,-inf
United States,2020-02-18,25,0,328233889,0,0,0.0,0.0,3.219,-inf,-inf,-inf
United States,2020-02-19,25,0,328233889,0,0,0.0,0.0,3.219,-inf,-inf,-inf
United States,2020-02-20,27,0,328233889,2,0,0.0,0.0,3.296,-inf,0.693,-inf
United States,2020-02-21,30,0,328233889,3,0,0.0,0.0,3.401,-inf,1.099,-inf
United States,2020-02-22,30,0,328233889,0,0,0.0,0.0,3.401,-inf,-inf,-inf
United States,2020-02-23,30,0,328233889,0,0,0.0,0.0,3.401,-inf,-inf,-inf
United States,2020-02-24,43,0,328233889,13,0,0.0,0.0,3.761,-inf,2.565,-inf
United States,2020-02-25,45,0,328233889,2,0,0.0,0.0,3.807,-inf,0.693,-inf
United States,2020-02-26,60,0,328233889,15,0,0.0,0.0,4.094,-inf,2.708,-inf
United States,2020-02-27,60,0,328233889,0,0,0.0,0.0,4.094,-inf,-inf,-inf
United States,2020-02-28,65,0,328233889,5,0,0.0,0.0,4.174,-inf,1.609,-inf
United States,2020-02-29,70,1,328233889,5,1,0.0,0.0,4.248,0.0,1.609,0.0
United States,2020-03-01,88,3,328233889,18,2,0.0,0.0,4.477,1.099,2.89,0.693
United States,2020-03-02,104,6,328233889,16,3,0.0,0.0,4.644,1.792,2.773,1.099
United States,2020-03-03,125,10,328233889,21,4,0.0,0.0,4.828,2.303,3.045,1.386
United States,2020-03-04,161,12,328233889,36,2,0.0,0.0,5.081,2.485,3.584,0.693
United States,2020-03-05,228,12,328233889,67,0,0.0,0.0,5.429,2.485,4.205,-inf
United States,2020-03-06,311,15,328233889,83,3,0.0,0.0,5.74,2.708,4.419,1.099
United States,2020-03-07,428,19,328233889,117,4,0.0,0.0,6.059,2.944,4.762,1.386
United States,2020-03-08,547,22,328233889,119,3,0.0,0.0,6.304,3.091,4.779,1.099
United States,2020-03-09,748,26,328233889,201,4,0.0,0.0,6.617,3.258,5.303,1.386
United States,2020-03-10,1018,31,328233889,270,5,0.0,0.0,6.926,3.434,5.598,1.609
United States,2020-03-11,1263,37,328233889,245,6,0.0,0.0,7.141,3.611,5.501,1.792
United States,2020-03-12,1668,43,328233889,405,6,0.001,0.0,7.419,3.761,6.004,1.792
United States,2020-03-13,2224,50,328233889,556,7,0.001,0.0,7.707,3.912,6.321,1.946
United States,2020-03-14,2898,60,328233889,674,10,0.001,0.0,7.972,4.094,6.513,2.303
United States,2020-03-15,3600,68,328233889,702,8,0.001,0.0,8.189,4.22,6.554,2.079
United States,2020-03-16,4507,91,328233889,907,23,0.001,0.0,8.413,4.511,6.81,3.135
United States,2020-03-17,5906,117,328233889,1399,26,0.002,0.0,8.684,4.762,7.244,3.258
United States,2020-03-18,8350,162,328233889,2444,45,0.003,0.0,9.03,5.088,7.801,3.807
United States,2020-03-19,12393,212,328233889,4043,50,0.004,0.0,9.425,5.357,8.305,3.912
United States,2020-03-20,18012,277,328233889,5619,65,0.005,0.0,9.799,5.624,8.634,4.174
United States,2020-03-21,24528,360,328233889,6516,83,0.007,0.0,10.108,5.886,8.782,4.419
United States,2020-03-22,33073,458,328233889,8545,98,0.01,0.0,10.406,6.127,9.053,4.585
United States,2020-03-23,43505,579,328233889,10432,121,0.013,0.0,10.681,6.361,9.253,4.796
United States,2020-03-24,53938,785,328233889,10433,206,0.016,0.0,10.896,6.666,9.253,5.328
United States,2020-03-25,68572,1054,328233889,14634,269,0.021,0.0,11.136,6.96,9.591,5.595
United States,2020-03-26,85570,1353,328233889,16998,299,0.026,0.0,11.357,7.21,9.741,5.7
United States,2020-03-27,102900,1770,328233889,17330,417,0.031,0.001,11.542,7.479,9.76,6.033
United States,2020-03-28,123966,2300,328233889,21066,530,0.038,0.001,11.728,7.741,9.955,6.273
United States,2020-03-29,142486,2718,328233889,18520,418,0.043,0.001,11.867,7.908,9.827,6.035
United States,2020-03-30,163955,3368,328233889,21469,650,0.05,0.001,12.007,8.122,9.974,6.477
United States,2020-03-31,188461,4304,328233889,24506,936,0.057,0.001,12.147,8.367,10.107,6.842
United States,2020-04-01,215391,5325,328233889,26930,1021,0.066,0.002,12.28,8.58,10.201,6.929
United States,2020-04-02,245108,6541,328233889,29717,1216,0.075,0.002,12.409,8.786,10.299,7.103
United States,2020-04-03,277426,7932,328233889,32318,1391,0.085,0.002,12.533,8.979,10.383,7.238
United States,2020-04-04,312525,9488,328233889,35099,1556,0.095,0.003,12.652,9.158,10.466,7.35
United States,2020-04-05,338141,10856,328233889,25616,1368,0.103,0.003,12.731,9.292,10.151,7.221
United States,2020-04-06,369057,12382,328233889,30916,1526,0.112,0.004,12.819,9.424,10.339,7.33
United States,2020-04-07,399394,14616,328233889,30337,2234,0.122,0.004,12.898,9.59,10.32,7.712
United States,2020-04-08,431214,16701,328233889,31820,2085,0.131,0.005,12.974,9.723,10.368,7.643
United States,2020-04-09,465913,18821,328233889,34699,2120,0.142,0.006,13.052,9.843,10.454,7.659
United States,2020-04-10,499386,21084,328233889,33473,2263,0.152,0.006,13.121,9.956,10.418,7.724
United States,2020-04-11,531106,23168,328233889,31720,2084,0.162,0.007,13.183,10.051,10.365,7.642
United States,2020-04-12,558249,24849,328233889,27143,1681,0.17,0.008,13.233,10.121,10.209,7.427
United States,2020-04-13,584018,26613,328233889,25769,1764,0.178,0.008,13.278,10.189,10.157,7.475
United States,2020-04-14,610709,29318,328233889,26691,2705,0.186,0.009,13.322,10.286,10.192,7.903
United States,2020-04-15,640742,32070,328233889,30033,2752,0.195,0.01,13.37,10.376,10.31,7.92
United States,2020-04-16,672355,34419,328233889,31613,2349,0.205,0.01,13.419,10.446,10.361,7.762
United States,2020-04-17,703864,36708,328233889,31509,2289,0.214,0.011,13.464,10.511,10.358,7.736
United States,2020-04-18,732262,38659,328233889,28398,1951,0.223,0.012,13.504,10.563,10.254,7.576
United States,2020-04-19,757596,40179,328233889,25334,1520,0.231,0.012,13.538,10.601,10.14,7.326
United States,2020-04-20,784926,42016,328233889,27330,1837,0.239,0.013,13.573,10.646,10.216,7.516
United States,2020-04-21,810434,44688,328233889,25508,2672,0.247,0.014,13.605,10.707,10.147,7.891
United States,2020-04-22,839266,47059,328233889,28832,2371,0.256,0.014,13.64,10.759,10.269,7.771
United States,2020-04-23,873039,49228,328233889,33773,2169,0.266,0.015,13.68,10.804,10.427,7.682
United States,2020-04-24,909778,51360,328233889,36739,2132,0.277,0.016,13.721,10.847,10.512,7.665
United States,2020-04-25,944186,53327,328233889,34408,1967,0.288,0.016,13.758,10.884,10.446,7.584
United States,2020-04-26,970921,54580,328233889,26735,1253,0.296,0.017,13.786,10.907,10.194,7.133
United States,2020-04-27,994110,56022,328233889,23189,1442,0.303,0.017,13.81,10.933,10.051,7.274
United States,2020-04-28,1018744,58416,328233889,24634,2394,0.31,0.018,13.834,10.975,10.112,7.781
United States,2020-04-29,1045298,60930,328233889,26554,2514,0.318,0.019,13.86,11.017,10.187,7.83
United States,2020-04-30,1075637,63140,328233889,30339,2210,0.328,0.019,13.888,11.053,10.32,7.701
United States,2020-05-01,1109601,64902,328233889,33964,1762,0.338,0.02,13.92,11.081,10.433,7.474
United States,2020-05-02,1139075,66485,328233889,29474,1583,0.347,0.02,13.946,11.105,10.291,7.367
United States,2020-05-03,1165215,67816,328233889,26140,1331,0.355,0.021,13.968,11.125,10.171,7.194
United States,2020-05-04,1187176,68905,328233889,21961,1089,0.362,0.021,13.987,11.14,9.997,6.993
United States,2020-05-05,1210881,71139,328233889,23705,2234,0.369,0.022,14.007,11.172,10.073,7.712
United States,2020-05-06,1235366,73847,328233889,24485,2708,0.376,0.022,14.027,11.21,10.106,7.904
United States,2020-05-07,1263841,75805,328233889,28475,1958,0.385,0.023,14.05,11.236,10.257,7.58
United States,2020-05-08,1291483,77380,328233889,27642,1575,0.393,0.024,14.071,11.256,10.227,7.362
United States,2020-05-09,1316351,78834,328233889,24868,1454,0.401,0.024,14.09,11.275,10.121,7.282
United States,2020-05-10,1336668,79766,328233889,20317,932,0.407,0.024,14.106,11.287,9.919,6.837
United States,2020-05-11,1354286,80748,328233889,17618,982,0.413,0.025,14.119,11.299,9.777,6.89
United States,2020-05-12,1376585,82400,328233889,22299,1652,0.419,0.025,14.135,11.319,10.012,7.41
United States,2020-05-13,1397726,84168,328233889,21141,1768,0.426,0.026,14.15,11.341,9.959,7.478
United States,2020-05-14,1424687,85906,328233889,26961,1738,0.434,0.026,14.169,11.361,10.202,7.46
United States,2020-05-15,1450910,87499,328233889,26223,1593,0.442,0.027,14.188,11.379,10.174,7.373
United States,2020-05-16,1474569,88724,328233889,23659,1225,0.449,0.027,14.204,11.393,10.071,7.111
United States,2020-05-17,1493583,89568,328233889,19014,844,0.455,0.027,14.217,11.403,9.853,6.738
United States,2020-05-18,1515403,90414,328233889,21820,846,0.462,0.028,14.231,11.412,9.991,6.741
United States,2020-05-19,1536371,91934,328233889,20968,1520,0.468,0.028,14.245,11.429,9.951,7.326
United States,2020-05-20,1559435,93411,328233889,23064,1477,0.475,0.028,14.26,11.445,10.046,7.298
United States,2020-05-21,1585168,94722,328233889,25733,1311,0.483,0.029,14.276,11.459,10.156,7.179
United States,2020-05-22,1608961,96010,328233889,23793,1288,0.49,0.029,14.291,11.472,10.077,7.161
United States,2020-05-23,1631229,97060,328233889,22268,1050,0.497,0.03,14.305,11.483,10.011,6.957
United States,2020-05-24,1651260,97680,328233889,20031,620,0.503,0.03,14.317,11.489,9.905,6.43
United States,2020-05-25,1670360,98190,328233889,19100,510,0.509,0.03,14.329,11.495,9.857,6.234
United States,2020-05-26,1689249,98937,328233889,18889,747,0.515,0.03,14.34,11.502,9.846,6.616
United States,2020-05-27,1707990,100422,328233889,18741,1485,0.52,0.031,14.351,11.517,9.838,7.303
United States,2020-05-28,1730458,101622,328233889,22468,1200,0.527,0.031,14.364,11.529,10.02,7.09
United States,2020-05-29,1755005,102812,328233889,24547,1190,0.535,0.031,14.378,11.541,10.108,7.082
United States,2020-05-30,1778402,103775,328233889,23397,963,0.542,0.032,14.391,11.55,10.06,6.87
United States,2020-05-31,1799036,104379,328233889,20634,604,0.548,0.032,14.403,11.556,9.935,6.404
United States,2020-06-01,1820930,105113,328233889,21894,734,0.555,0.032,14.415,11.563,9.994,6.599
United States,2020-06-02,1841716,106195,328233889,20786,1082,0.561,0.032,14.426,11.573,9.942,6.987
United States,2020-06-03,1861695,107184,328233889,19979,989,0.567,0.033,14.437,11.582,9.902,6.897
United States,2020-06-04,1883309,108192,328233889,21614,1008,0.574,0.033,14.449,11.592,9.981,6.916
United States,2020-06-05,1912006,109304,328233889,28697,1112,0.583,0.033,14.464,11.602,10.265,7.014
United States,2020-06-06,1934522,110032,328233889,22516,728,0.589,0.034,14.475,11.609,10.022,6.59
United States,2020-06-07,1953138,110422,328233889,18616,390,0.595,0.034,14.485,11.612,9.832,5.966
United States,2020-06-08,1971339,111144,328233889,18201,722,0.601,0.034,14.494,11.619,9.809,6.582
United States,2020-06-09,1990143,112174,328233889,18804,1030,0.606,0.034,14.504,11.628,9.842,6.937
United States,2020-06-10,2013298,113103,328233889,23155,929,0.613,0.034,14.515,11.636,10.05,6.834
United States,2020-06-11,2036500,113980,328233889,23202,877,0.62,0.035,14.527,11.644,10.052,6.777
United States,2020-06-12,2061993,114759,328233889,25493,779,0.628,0.035,14.539,11.651,10.146,6.658
United States,2020-06-13,2087327,115451,328233889,25334,692,0.636,0.035,14.551,11.657,10.14,6.54
United States,2020-06-14,2106457,115768,328233889,19130,317,0.642,0.035,14.561,11.659,9.859,5.759
United States,2020-06-15,2126574,116216,328233889,20117,448,0.648,0.035,14.57,11.663,9.909,6.105
United States,2020-06-16,2151459,116985,328233889,24885,769,0.655,0.036,14.582,11.67,10.122,6.645
United States,2020-06-17,2177114,117746,328233889,25655,761,0.663,0.036,14.594,11.676,10.152,6.635
United States,2020-06-18,2205173,118473,328233889,28059,727,0.672,0.036,14.606,11.682,10.242,6.589
United States,2020-06-19,2236009,119171,328233889,30836,698,0.681,0.036,14.62,11.688,10.336,6.548
United States,2020-06-20,2268034,119717,328233889,32025,546,0.691,0.036,14.634,11.693,10.374,6.303
United States,2020-06-21,2294413,119974,328233889,26379,257,0.699,0.037,14.646,11.695,10.18,5.549
United States,2020-06-22,2324879,120334,328233889,30466,360,0.708,0.037,14.659,11.698,10.324,5.886
United States,2020-06-23,2359937,121167,328233889,35058,833,0.719,0.037,14.674,11.705,10.465,6.725
United States,2020-06-24,2396926,121934,328233889,36989,767,0.73,0.037,14.69,11.711,10.518,6.642
United States,2020-06-25,2438099,124400,328233889,41173,2466,0.743,0.038,14.707,11.731,10.626,7.81
United States,2020-06-26,2483625,125033,328233889,45526,633,0.757,0.038,14.725,11.736,10.726,6.45
United States,2020-06-27,2525929,125544,328233889,42304,511,0.77,0.038,14.742,11.74,10.653,6.236
United States,2020-06-28,2565007,125814,328233889,39078,270,0.781,0.038,14.757,11.743,10.573,5.598
United States,2020-06-29,2604924,126162,328233889,39917,348,0.794,0.038,14.773,11.745,10.595,5.852
United States,2020-06-30,2653319,127462,328233889,48395,1300,0.808,0.039,14.791,11.756,10.787,7.17
United States,2020-07-01,2703296,128104,328233889,49977,642,0.824,0.039,14.81,11.761,10.819,6.465
United States,2020-07-02,2758851,128827,328233889,55555,723,0.841,0.039,14.83,11.766,10.925,6.583
United States,2020-07-03,2815374,129417,328233889,56523,590,0.858,0.039,14.851,11.771,10.942,6.38
United States,2020-07-04,2866014,129679,328233889,50640,262,0.873,0.04,14.868,11.773,10.832,5.568
United States,2020-07-05,2910780,129941,328233889,44766,262,0.887,0.04,14.884,11.775,10.709,5.568
United States,2020-07-06,2958095,130332,328233889,47315,391,0.901,0.04,14.9,11.778,10.765,5.969
United States,2020-07-07,3012252,131290,328233889,54157,958,0.918,0.04,14.918,11.785,10.9,6.865
United States,2020-07-08,3071711,132238,328233889,59459,948,0.936,0.04,14.938,11.792,10.993,6.854
United States,2020-07-09,3131610,133079,328233889,59899,841,0.954,0.041,14.957,11.799,11.0,6.735
United States,2020-07-10,3199837,133907,328233889,68227,828,0.975,0.041,14.979,11.805,11.131,6.719
United States,2020-07-11,3260565,134582,328233889,60728,675,0.993,0.041,14.997,11.81,11.014,6.515
United States,2020-07-12,3318372,134977,328233889,57807,395,1.011,0.041,15.015,11.813,10.965,5.979
United States,2020-07-13,3379943,135402,328233889,61571,425,1.03,0.041,15.033,11.816,11.028,6.052
United States,2020-07-14,3445544,136356,328233889,65601,954,1.05,0.042,15.053,11.823,11.091,6.861
United States,2020-07-15,3513892,137327,328233889,68348,971,1.071,0.042,15.072,11.83,11.132,6.878
United States,2020-07-16,3589589,138285,328233889,75697,958,1.094,0.042,15.094,11.837,11.234,6.865
United States,2020-07-17,3660512,139186,328233889,70923,901,1.115,0.042,15.113,11.844,11.169,6.804
United States,2020-07-18,3722966,139961,328233889,62454,775,1.134,0.043,15.13,11.849,11.042,6.653
United States,2020-07-19,3785241,140373,328233889,62275,412,1.153,0.043,15.147,11.852,11.039,6.021
United States,2020-07-20,3845124,140904,328233889,59883,531,1.171,0.043,15.162,11.856,11.0,6.275
United States,2020-07-21,3910398,142031,328233889,65274,1127,1.191,0.043,15.179,11.864,11.086,7.027
United States,2020-07-22,3980128,143167,328233889,69730,1136,1.213,0.044,15.197,11.872,11.152,7.035
United States,2020-07-23,4050126,144283,328233889,69998,1116,1.234,0.044,15.214,11.88,11.156,7.018
United States,2020-07-24,4123651,145430,328233889,73525,1147,1.256,0.044,15.232,11.887,11.205,7.045
United States,2020-07-25,4190422,146314,328233889,66771,884,1.277,0.045,15.248,11.894,11.109,6.784
United States,2020-07-26,4244634,146754,328233889,54212,440,1.293,0.045,15.261,11.897,10.901,6.087
United States,2020-07-27,4303813,148450,328233889,59179,1696,1.311,0.045,15.275,11.908,10.988,7.436
United States,2020-07-28,4366922,149774,328233889,63109,1324,1.33,0.046,15.29,11.917,11.053,7.188
United States,2020-07-29,4435382,151194,328233889,68460,1420,1.351,0.046,15.305,11.926,11.134,7.258
